0 0.5562737584114075 0.5117218494415283 0.14698822796344757 0.424045205116272
0 0.528322160243988 0.8382533192634583 0.29600605368614197 0.3447312116622925
0 0.18134203553199768 0.709194540977478 0.3468545079231262 0.6070848703384399
0 0.43047431111335754 0.6330620646476746 0.12377571314573288 0.471714049577713
0 0.7960872054100037 0.4793354868888855 0.13180676102638245 0.2981993854045868
0 0.2615501880645752 0.5137861371040344 0.11312205344438553 0.42848676443099976
0 0.6847419142723083 0.5073058605194092 0.10933505743741989 0.33715739846229553
0 0.4064021706581116 0.4292256534099579 0.08632208406925201 0.19231359660625458
0 0.18758511543273926 0.48761284351348877 0.06384525448083878 0.24874040484428406
0 0.7810143828392029 0.810360848903656 0.4148574471473694 0.3645641505718231
0 0.46967029571533203 0.41507670283317566 0.06869581341743469 0.18306805193424225
