0 0.5109128355979919 0.5504353046417236 0.3601394295692444 0.7951385974884033
0 0.12471462786197662 0.3428839147090912 0.13476429879665375 0.49323293566703796
0 0.7324120402336121 0.352333664894104 0.12717172503471375 0.5082295536994934
0 0.8049940466880798 0.3582784831523895 0.1502707451581955 0.5050963163375854
0 0.2988641858100891 0.24601712822914124 0.10353999584913254 0.2033369541168213
0 0.2852473855018616 0.406864196062088 0.13780030608177185 0.3632396459579468
0 0.9427970051765442 0.3566824495792389 0.11945268511772156 0.5612477660179138
0 0.19920873641967773 0.3601364493370056 0.11597505956888199 0.4721478223800659
0 0.4785369038581848 0.20210567116737366 0.0864429622888565 0.17849136888980865
0 0.39560410380363464 0.20367540419101715 0.12126091867685318 0.18882037699222565
