0 0.5566595792770386 0.7919601798057556 0.16755510866641998 0.41919755935668945
0 0.21713781356811523 0.7868324518203735 0.14700087904930115 0.44006410241127014
0 0.26547887921333313 0.44146159291267395 0.08976859599351883 0.34120962023735046
0 0.3751262426376343 0.8751188516616821 0.14232660830020905 0.25428301095962524
0 0.7853620052337646 0.4289037585258484 0.07356211543083191 0.39023858308792114
0 0.3981171250343323 0.7429102659225464 0.12170559912919998 0.39427825808525085
0 0.7357460856437683 0.7441121339797974 0.12127211689949036 0.4453868865966797
0 0.5644172430038452 0.4950598478317261 0.10734798014163971 0.2902258038520813
0 0.023492714390158653 0.4015845060348511 0.0520772859454155 0.2505093216896057
0 0.8290156722068787 0.8589766621589661 0.3086986243724823 0.2543782591819763
