0 0.44965144991874695 0.48322609066963196 0.14368079602718353 0.46301162242889404
0 0.33529967069625854 0.5517927408218384 0.12662507593631744 0.47239717841148376
0 0.37292784452438354 0.11383071541786194 0.06378164887428284 0.1914108395576477
0 0.6564252376556396 0.5080744028091431 0.1275321990251541 0.4519854187965393
0 0.7012994289398193 0.17986297607421875 0.0763329267501831 0.33811432123184204
0 0.9366742372512817 0.5120252370834351 0.10701847076416016 0.42677339911460876
0 0.827928900718689 0.42355331778526306 0.09937076270580292 0.2659527361392975
0 0.47094646096229553 0.1359492838382721 0.09103771299123764 0.22754110395908356
0 0.8021053671836853 0.6423285007476807 0.1528451293706894 0.4254879951477051
0 0.045362330973148346 0.8383061289787292 0.09082949161529541 0.307659387588501
0 0.9563074111938477 0.7180262207984924 0.07048487663269043 0.23797011375427246
0 0.5706314444541931 0.8320642113685608 0.1779339611530304 0.33427196741104126
