0 0.2052486538887024 0.6309124231338501 0.12586694955825806 0.4397667646408081
0 0.6296461820602417 0.5189918875694275 0.11259916424751282 0.4618557095527649
0 0.752539336681366 0.5052249431610107 0.1093306913971901 0.4150904417037964
0 0.397422194480896 0.8566773533821106 0.21157671511173248 0.2795299291610718
0 0.11786099523305893 0.7500693202018738 0.26177212595939636 0.5298343896865845
0 0.49109572172164917 0.5076424479484558 0.10346381366252899 0.4280208349227905
0 0.4405917525291443 0.5761613845825195 0.10727880895137787 0.32848113775253296
0 0.824034571647644 0.7333431839942932 0.15583015978336334 0.21184340119361877
0 0.29479798674583435 0.501780092716217 0.12342420965433121 0.41407376527786255
0 0.8759715557098389 0.4892735481262207 0.1049734428524971 0.2749870717525482
0 0.5815395712852478 0.5065051317214966 0.08896256238222122 0.4639608561992645
0 0.8755591511726379 0.6657021045684814 0.11970087885856628 0.2592884600162506
