0 0.8291955590248108 0.5493110418319702 0.14312508702278137 0.4708191454410553
0 0.44110387563705444 0.5856327414512634 0.13653749227523804 0.5367924571037292
0 0.12706224620342255 0.5799311399459839 0.2589857876300812 0.7345346808433533
0 0.672837495803833 0.5257159471511841 0.11638757586479187 0.47570183873176575
0 0.5656799077987671 0.5610503554344177 0.10789079964160919 0.5317583084106445
0 0.3272315263748169 0.5553783178329468 0.14487221837043762 0.5744442343711853
0 0.5023844242095947 0.5773351192474365 0.1407739520072937 0.5267528891563416
0 0.7195202708244324 0.5075361728668213 0.08715526014566422 0.4462197422981262
0 0.9579035043716431 0.5158223509788513 0.05790698528289795 0.4060320258140564
0 0.8840421438217163 0.5261682868003845 0.09911517798900604 0.45349401235580444
0 0.19704096019268036 0.5656474232673645 0.13379894196987152 0.5686754584312439
