0 0.6531057357788086 0.6061393022537231 0.07357409596443176 0.2896421253681183
0 0.5745205879211426 0.6014063358306885 0.059364669024944305 0.2663567066192627
0 0.8684724569320679 0.6260111331939697 0.07657074183225632 0.3335666358470917
0 0.7387315034866333 0.6270508170127869 0.07180075347423553 0.2876865863800049
0 0.4293866753578186 0.5145178437232971 0.09139765053987503 0.2990780174732208
0 0.7856487035751343 0.6329103112220764 0.05842512845993042 0.34048551321029663
0 0.5105130672454834 0.5641834735870361 0.0693461075425148 0.2608872056007385
0 0.9539932608604431 0.7084758281707764 0.06745477020740509 0.23897072672843933
0 0.14092904329299927 0.4522758722305298 0.053222160786390305 0.20070917904376984
0 0.34879428148269653 0.5161285996437073 0.059709176421165466 0.2489079385995865
