0 0.8171342611312866 0.5078886151313782 0.44869357347488403 0.8283551931381226
0 0.18312670290470123 0.5938373804092407 0.14421217143535614 0.62764573097229
0 0.4365909695625305 0.4853009879589081 0.09565958380699158 0.4235784113407135
0 0.5259139537811279 0.479695588350296 0.08210115879774094 0.44314053654670715
0 0.8142284750938416 0.41784605383872986 0.11141832172870636 0.25939005613327026
0 0.2818116843700409 0.44301989674568176 0.06893797218799591 0.3201428949832916
0 0.6443173289299011 0.47403961420059204 0.07731878012418747 0.3905732333660126
0 0.12780418992042542 0.41429758071899414 0.045940693467855453 0.2451406866312027
0 0.7255957126617432 0.427799254655838 0.0708690956234932 0.32862746715545654
0 0.3425447642803192 0.44207829236984253 0.05972081795334816 0.28525108098983765
