0 0.6628537774085999 0.6634562611579895 0.20576311647891998 0.5534501075744629
0 0.3610984683036804 0.7047959566116333 0.2207086980342865 0.5236654877662659
0 0.9613060355186462 0.2457871288061142 0.07916044443845749 0.33894678950309753
0 0.511897623538971 0.1626245230436325 0.10108377039432526 0.30308467149734497
0 0.35462501645088196 0.19988663494586945 0.09963958710432053 0.26706454157829285
0 0.21593597531318665 0.8353362679481506 0.24226857721805573 0.3237041234970093
0 0.34733501076698303 0.10329486429691315 0.06977080553770065 0.2201336920261383
0 0.6030557155609131 0.10304955393075943 0.07796664535999298 0.23197981715202332
0 0.05507824197411537 0.66511070728302 0.11119426041841507 0.5847875475883484
0 0.5569559335708618 0.8784029483795166 0.22194163501262665 0.24043013155460358
0 0.27490732073783875 0.11775991320610046 0.07356088608503342 0.1982702910900116
0 0.43961742520332336 0.5095036625862122 0.1860969066619873 0.44218918681144714
0 0.33477404713630676 0.9337793588638306 0.1796329766511917 0.1324319690465927
