0 0.6339483261108398 0.8320362567901611 0.21560432016849518 0.3623006045818329
0 0.7148014307022095 0.5626875162124634 0.05493985861539841 0.22895343601703644
0 0.5068463087081909 0.6839436292648315 0.12818709015846252 0.26450809836387634
0 0.34633588790893555 0.864765465259552 0.20815801620483398 0.29151231050491333
0 0.19711484014987946 0.5594252347946167 0.06833051890134811 0.2628788650035858
0 0.4943087697029114 0.8900802135467529 0.1297505497932434 0.22814440727233887
0 0.7905150055885315 0.903166651725769 0.17976072430610657 0.19088084995746613
0 0.7486727833747864 0.8235498666763306 0.1780216544866562 0.34768328070640564
0 0.7906640768051147 0.5499216318130493 0.060098860412836075 0.227382630109787
0 0.2060600072145462 0.8184934854507446 0.12123969942331314 0.16903355717658997
